264748
884314
353585
796854
462312
489223
321342
678686
531490
1002600
1983772
209802
236172
441193
549359
602149
487801
175141
493904
192425
408397
445302
498983
596915
378534
218144
1266143
1116864
249284
315251
399155
286657
266128
322713
663345
1199300
456917
519604
334535
298192
787259
1068410
367900
531909
1338206
609837
448872
490286
543960
399981
3149020
549783
568758
451662
445402
562612
189761
178944
550909
391694
535011
576357
590856
301301
334126
555959
668015
245007
411856
450475
601381
508231
831387
421057
529686
463444
360317
399167
806864
642222
281777
372202
504495
319437
223243
387364
289488
607372
288193
502951
372669
255476
384768
348102
0
263566
170783
431606
692186
415232
395825
1083818
371277
281568
383391
316812
367971
213735
2706966
459090
320882
0
305681
414305
519997
330281
608571
1010833
616726
495111
574166
510585
532137
191032
1655189
451992
180574
3107741
179335
407915
400228
547815
107442
348467
448659
485820
520228
339385
654849
0
339947
129020
906325
824783
464735
742784
238921
342557
227533
3058552
403477
611874
177811
667345
1195236
1252799
1589324
643179
1116212
439135
763751
579191
465095
235166
268739
327594
490043
625782
410247
666262
3287054
462610
444334
568017
470727
377084
364232
694416
428354
325700
374467
732222
787417
400592
228709
851304
286169
346373
674567
522584
563625
804652
322742
691712
629173
481799
434421
476056
1266956
326627
366791
363206
411760
222942
860237
437497
126607
368897
391539
496454
380155
636120
891819
164949
447680
1202574
114117
260448
728359
152153
860081
308701
481410
727736
493689
187410
691377
439751
724857
744138
121467
588352
515194
695643
672194
1492663
214636
338816
604608
721287
412274
339840
632647
834754
596576
515305
267965
314017
217508
651806
591787
370461
2812394
336683
608943
550502
549943
290261
654188
414700
514809
362671
405809
568587
318364
454667
1112007
503710
81577
320496
889964
361260
996286
589260
293193
365343
0
358661
433140
624688
833779
350237
713721
302255
495224
708660
716845
524273
793797
816589
429797
523406
464567
578011
1122146
144150
341400
1308278
258326
676430
579909
637140
692133
488598
285715
569742
464276
313376
362147
1349610
359985
662747
468299
768977
613515
505198
477237
442973
589023
231805
452925
309673
535155
394636
730200
452094
477224
669049
511078
4191979
1129603
657893
1020768
635723
266305
493645
649829
484124
636786
318343
768604
708450
486528
1001058
238331
506443
248351
487748
431391
562122
471096
158805
663073
801814
647947
456991
598568
529530
609490
464796
609351
362655
686568
1487480
361469
331611
3248656
429924
1242487
391024
328257
989941
351250
424406
821561
416787
459560
526344
232507
504563
368192
876002
789742
1016586
412680
492248
665035
1009010
432691
462347
458109
4362850
141419
309926
241192
510071
695251
674453
649855
569967
603966
567911
524239
360042
621590
394105
659193
218040
683672
431730
535550
424152
0
4196691
600632
411380
859438
889273
462107
290699
306692
1327066
364593
792515
822487
604664
621905
214652
569708
584110
417342
701448
672312
935526
583918
641771
383407
421081
171492
494150
622157
212914
511305
465583
546157
735872
354235
711224
463740
614663
468619
499889
295760
343005
390749
472083
220092
295136
437629
546570
517985
476422
544785
673895
2486632
751936
547731
836509
758520
576016
585959
425893
619445
569660
235292
505594
521426
541424
388357
695585
534175
421689
567185
353636
595733
337649
111015
136064
1420287
587701
1611472
553988
401647
411438
1005199
344607
584793
427114
272818
170705
392390
397482
747412
416079
352677
2788809
902870
400408
198180
399949
385836
716384
595994
208488
389336
492598
436771
500911
449462
1389916
401807
483168
826166
386324
465534
378498
924170
486299
526954
309404
284571
336783
972384
1846302
1286837
334798
3916481
325076
311305
412238
247252
472507
658926
683471
1164361
287889
682659
424400
378908
401453
504900
361079
2011826
332311
517178
1645739
407313
255415
727594
441589
279836
241124
180315
608821
603635
506424
823380
377990
534799
0
966444
466453
473096
2673065
220042
202776
517010
579243
363336
457217
503651
223298
508115
476968
492272
351736
582328
444716
1206792
642752
409541
447899
402624
380244
1216780
631666
490198
470992
450337
560539
352154
0
361649
393036
397115
0
689905
294006
1484796
424305
660994
544067
427007
1182846
712669
405432
324394
473020
409653
617559
1585346
560541
365670
816619
1007806
980098
904217
509542
365823
1996934
480548
659933
3111568
990586
514824
132902
361361
625534
417329
631980
572486
830136
2164104
551119
546743
433946
161452
514282
238892
399965
3499555
518807
669393
382611
571754
293126
65860
367423
520959
506363
333387
684048
517703
490858
594428
702159
781719
1474445
482187
256337
424809
890253
284323
899175
647687
433244
1297144
425679
492600
519092
2111313
1099055
326108
451340
454315
281190
730001
329768
590495
528432
385154
466101
468921
531103
501281
515202
863432
0
940707
743621
572645
593643
555961
1779017
529635
445160
243815
565248
425420
510514
186559
455853
376792
463148
616803
596962
419467
594940
402522
447374
0
443377
270536
275554
383927
553936
2079940
343754
871875
705084
566376
493831
635157
952914
695446
516206
325693
416289
738334
281514
303208
423511
289980
749036
681269
441822
455324
598625
440978
573413
897116
387172
561857
477529
751409
457552
208867
180693
656637
427478
297108
659342
544746
881956
711952
463797
368505
480576
396912
464509
566831
279096
487659
2642565
531664
1113187
635754
379235
1681221
618630
496891
565957
188560
1650158
448530
2246384
465297
1425277
502231
552115
492394
2112828
919277
423209
1919965
207382
499935
176015
257930
1149677
338765
445429
508428
349237
660511
285206
706320
228318
391532
723029
1054911
456694
354407
605177
826984
478925
555408
478090
558097
810538
463620
449793
325017
530983
211831
947882
0
634862
307391
441194
645084
532645
468003
321988
1016013
141526
1503978
562382
654978
631145
292076
446989
352108
151534
802158
339577
735363
421320
443263
671574
372128
476848
189089
459959
491393
1064053
305966
463518
1197575
529520
572554
738632
1005083
296979
1457641
405012
334870
337757
307419
375209
141285
507689
406458
562274
501225
501642
525819
416895
668346
327926
0
433330
605274
505618
411412
962036
356212
597160
394968
434305
301680
495655
380080
557520
115688
645329
348530
854307
449316
413921
503084
773618
867772
351478
424312
449144
664798
405604
0
568024
1706136
557432
374340
609700
1017454
508946
446642
1669858
280232
188349
782849
584353
749942
333714
235511
85199
137706
192808
403648
283688
701449
315650
505434
466305
273211
441056
1857511
272788
96748
1019946
1749769
2870619
555676
380757
608697
223102
508207
902530
582005
2705889
223062
635885
388460
608134
174904
449795
420041
445639
1731627
812249
1095260
319197
464709
534180
452922
686579
387900
154188
418369
449191
507786
737663
459426
435842
431939
468796
248977
448836
797214
441365
331387
383668
522419
916920
251399
381288
298786
481593
421036
437524
500402
721367
839466
495176
382658
137505
409086
325661
1274838
835456
695885
423905
551625
373084
2815278
860075
717947
402486
517826
594241
206599
404221
942087
847264
712219
343597
479075
477793
717036
1040803
252388
455022
350365
0
1424995
2503136
364914
227886
415133
760012
442070
452729
504804
157457
426136
294706
430087
623012
916003
3457548
4001155
406008
272569
380151
475017
429519
793070
436568
395413
586123
527700
634700
425402
130823
543395
225473
756270
412693
263171
825601
678851
262231
448807
250159
997764
63068
1910159
4879664
478577
374365
443539
558847
369440
500527
298433
602863
806498
381072
231515
829700
467011
370765
333307
486761
485637
543211
743293
1833795
876365
100817
458071
576795
429896
565937
0
512704
222175
505470
544585
349691
400118
715606
506517
335804
681034
555038
445976
500171
251043
570949
505496
680054
638733
541680
566287
422259
472681
683744
384694
652717
487132
1079098
484470
346778
2294069
503238
456398
141861
486245
137227
493013
148716
279673
547878
439158
550655
596005
196339
439891
467005
326545
3583844
737710
511666
371562
464990
987353
495128
304572
0
413654
444960
386816
438425
3809663
1598080
810913
569665
568076
775341
368038
312958
426518
565069
578820
345409
591187
298004
606046
880776
530658
382301
532320
212428
273411
209686
627235
1092238
386017
266452
251713
3079802
207263
708781
2385016
143512
525678
465056
547061
751464
833058
271876
384885
508754
122561
201655
629201
327050
760398
1002497
390411
392396
0
361179
422064
113722
278147
855481
659302
446537
974761
283468
227577
514771
395234
357800
4901654
674039
608390
574935
1424072
1108847
810774
493518
664861
130117
121754
309531
509958
237989
443589
129428
423819
516695
2534868
436857
866820
464455
739975
426200
623243
578441
786180
750699
1470379
524373
1061242
78898
335219
525410
570382
280431
629039
476749
400392
306802
774319
921283
531695
520344
319502
635169
1355077
631547
373210
556439
244639
268323
266566
92626
0
888512
840640
276371
457034
883616
238108
715079
649914
487306
160703
641470
216359
227445
446033
531759
578073
0
711484
548275
782141
506085
240777
250535
274885
768821
588096
672361
186134
206676
768320
557032
413472
2528926
352648
643237
0
484505
693792
947118
278631
327107
595890
731583
541533
521139
740705
604907
496833
128696
1315033
1175831
487843
564849
309019
324389
522355
361503
638850
366203
285990
487864
445375
337950
426901
439877
317460
578488
363119
612990
358473
320182
433297
305883
523896
107404
375196
142225
271461
520509
237002
394467
750956
344598
721752
0
0
135282
446704
0
674101
837507
3345308
588166
446609
462585
1126811
219491
691497
60583
490205
587470
690429
267448
199210
1802069
463781
426040
425139
512846
0
291757
406076
409212
302404
578615
367652
293834
412237
338303
175945
460262
140524
619235
449769
472852
188841
322895
412774
720432
190102
538004
506886
323533
533303
0
401584
412436
433023
283422
431012
474804
469389
193760
1114603
612002
0
680400
763019
541346
521963
546889
332150
585441
348320
256701
655319
831596
729615
500834
457405
609597
749007
474751
1021313
402457
0
568234
378860
255635
0
3285373
244724
731879
266087
738477
294632
249021
305496
516000
199377
228681
64880
518288
455875
316338
377272
440548
737387
454166
762575
276872
563905
113775
739525
367584
121541
381406
477953
369996
425072
545924
1166323
254407
467633
1162074
105424
1144383
686146
437063
548819
540465
505471
259229
172364
382928
323811
1472408
589490
779114
486210
241526
453032
2629894
331180
624602
162022
281802
185788
1603832
477103
240455
267316
0
276407
334489
437749
1380749
445426
222462
464973
533678
437645
517841
420634
420544
204755
489301
505726
491620
313537
457158
367889
512297
306822
1574138
2341070
424311
854380
306859
462893
330349
225389
0
493352
1003667
101546
1013187
505752
543660
519157
242560
166273
223325
453253
254498
565297
1261998
131491
172802
432388
961079
548208
653981
445634
578423
487967
0
405885
419046
386379
372603
472162
326339
286476
268766
748248
1081189
707754
461167
457730
1043503
383407
96352
394978
369842
154362
1250133
450095
740622
479962
486264
886758
370537
567295
555796
1735753
703532
1135622
873673
0
484961
140338
78623
404239
468572
570440
370911
520128
619319
302205
3045858
870553
738639
338564
296090
440396
625857
339020
269148
551566
828573
858346
744404
2134777
115353
617791
887286
503078
126702
547449
290849
338681
415693
407098
783697
158094
754008
403926
946693
844596
645944
405762
689749
418717
391638
295570
570416
228469
353374
450809
416387
595895
0
624565
512071
377296
305477
571782
387572
503451
142473
595996
382704
651672
330288
580088
550183
736266
419812
726337
292037
720453
897366
491809
423785
365610
445073
414837
735667
0
614488
427632
212803
632308
585509
516578
278575
352038
476496
262806
152504
603818
457771
292526
459091
1264507
515000
735363
407922
288521
0
332891
244029
914144
383257
548911
301860
240487
611797
557184
389928
606193
426848
185384
584878
525141
606404
156308
555298
571808
334010
373985
243231
304432
502657
379241
341204
496802
886132
176437
420084
316022
376193
181240
0
1394446
0
308560
1597754
585181
506944
288004
402017
327930
381507
255419
539568
546323
370667
507340
336559
461539
636954
944516
379991
72500
0
0
816146
95205
251046
379709
576068
439112
456581
379597
1598360
395010
155705
757840
335462
282718
728885
47420
2046090
393417
392517
418533
275447
357832
474619
662609
770895
595690
439178
714856
494821
189524
420854
87025
1092369
845310
218761
480991
823568
1993511
286741
241281
0
1431278
0
1359294
240819
380739
472685
335443
385073
1861403
64559
319604
598030
558851
104041
522642
468325
800308
492151
313768
560625
211108
0
498036
437830
3712227
3756973
466678
748694
523773
526538
489213
266776
415377
308048
178629
296318
465120
284214
1019574
319834
667313
586195
865756
894503
618647
1475346
84369
605531
64333
297553
495673
461777
611064
330680
691957
429522
218432
147448
179814
1185708
788649
332855
327030
242894
488317
716159
902765
272806
766085
244048
733824
952725
93661
290643
0
602995
316397
284003
85150
157241
943609
0
412253
646158
540885
434668
700668
398710
263738
0
513333
296692
457791
166666
1303405
260606
626239
996598
604515
82631
282724
244263
563703
1693772
383534
512263
429530
293978
493648
254510
839160
1034506
328370
720430
190084
298348
396801
779818
250409
258645
200899
439130
584208
478745
404878
295456
649148
566832
385291
872823
455546
491728
323949
149265
618720
443340
361972
1585367
546050
0
297621
1421555
3392041
424600
1145424
392668
356029
1201754
0
628239
372167
927359
487356
883891
595298
262447
810385
284526
109920
412488
634588
417773
427154
415875
449220
1496736
2624388
2142781
747927
485380
539944
2748139
420409
441466
444122
390055
263041
366603
649085
986926
680667
1389900
748775
197430
569385
665746
558385
306709
416339
314189
517452
630393
852643
0
848141
384476
2573744
811510
453084
3200503
717963
499582
387166
2040245
709442
559843
295340
423859
339600
578694
548021
397392
533050
173245
917362
537502
638032
589581
486544
475462
1045549
1395034
470634
239873
567379
489384
542770
652924
504606
338355
439418
372706
383064
307012
166734
442844
361755
501528
0
487554
366028
315184
171134
451651
506939
188180
319575
719144
241918
579536
490772
261603
551283
493703
349877
509992
903474
446462
1459313
443409
1160102
542359
409516
425782
347745
323094
236557
432833
722915
0
472407
112614
432409
201641
619124
644782
519199
605783
353461
75436
754443
196910
464032
338614
77209
322700
362388
442427
554438
1058772
386868
386369
420630
412846
299447
165776
398502
344529
306032
136278
0
478202
427070
1100587
577655
362966
354852
687147
637838
584979
460333
648601
408876
390706
941938
252738
584208
571551
952214
492442
387010
378600
549416
314144
1182919
370539
388709
164760
1049956
413656
303582
333617
365652
763147
399345
690636
703848
320995
294510
480397
892037
124927
492442
110905
877908
371285
525503
209041
769822
304211
347687
2926550
1722489
428777
536234
561810
605211
425742
466373
341848
736051
236300
435415
405889
366082
125378
589657
360316
735880
218700
390131
424219
255448
806926
535466
2207874
672880
565923
924836
328023
169773
3346462
273621
492416
484687
204785
400517
586069
377714
307202
673189
172047
447088
955554
461365
349515
1290140
551652
825650
622287
232692
255063
355234
467885
587203
368217
0
276007
0
696508
352621
872052
400069
489689
622305
475898
402773
404661
413464
271506
897025
501381
510465
188500
421441
175281
191784
931590
194417
508927
258195
121298
343637
322666
396253
400809
837374
458636
245169
623502
377999
2155917
578351
186258
188891
68105
698058
379737
410940
415177
888280
352571
578518
203652
223844
407424
116135
425268
462882
246150
412352
382043
852916
391477
544734
967361
152337
270752
761452
429515
654968
520047
324288
457725
669308
290774
237335
776750
254577
356189
385911
432942
972807
338096
659424
288494
778513
194734
720044
599274
458289
346052
645932
478532
572219
749247
433527
306505
2757075
427079
672677
496530
390865
90510
2022875
328021
623689
1582010
622430
261580
200119
307477
408459
184194
286300
542624
463207
461169
1836127
448228
175117
757373
352185
449437
561719
338193
86123
652539
4197006
556024
979371
445371
303697
498261
540307
350391
223523
420809
786433
687761
521480
273727
299304
413726
213984
608078
430901
450665
348078
1403349
210310
452296
208131
2763425
636469
1183671
348496
2063048
190736
212660
493721
448710
611879
438984
531362
499563
241552
399899
1206946
742932
668688
408517
511416
1087208
417263
348737
366174
403047
441726
3969006
358976
586395
473931
895770
465321
493799
393475
203830
477190
270227
4413889
467037
585565
390961
457831
418989
391442
645618
429292
266351
372542
396806
1350336
468973
186274
286702
486122
1428474
256500
409382
214033
682112
113029
584185
232362
322936
351139
415722
451422
543493
548290
336807
414754
415843
198643
517280
353471
690324
408295
378143
374136
342029
81021
315563
319445
574161
282614
326973
513157
399078
634840
259755
395208
252308
664890
275351
271849
264194
535465
528200
384181
696030
553414
483734
418006
429232
775662
464805
212202
1334689
279649
652255
201683
176729
956340
637345
427282
651839
460811
386223
530118
442570
592296
516171
1469420
453462
324100
243883
461387
593807
1067541
231805
184380
614075
560376
761034
351090
592697
136769
425031
129570
408359
260795
504036
184923
349276
526018
898212
173973
522369
554827
426800
274155
789089
576958
274526
379263
110682
429097
461586
480676
624676
413895
440430
631265
555384
381359
376069
642710
978102
277109
535643
59137
169604
395131
255632
384235
433210
548343
376225
349562
207184
560597
883488
0
448668
810209
0
414056
292858
323514
374538
359788
365983
273979
855792
403181
294430
555129
475418
299552
481760
0
497237
1214144
222643
1509470
359597
120947
142009
491425
633088
514930
610192
352977
321273
203116
328178
278380
451198
444129
380326
791767
495325
451174
384905
576022
636738
301970
0
510189
146009
154669
813017
315663
175153
476601
318958
290726
310510
850634
425266
591792
493013
514436
1156129
618277
552352
262169
348614
552185
605780
708509
267201
113684
439379
320437
197978
293452
586582
2786109
454118
491148
479487
0
1277103
303635
576045
997108
530052
497319
1260591
764789
577712
345527
544850
858349
4092191
833101
430306
0
3423906
553236
406874
821148
64961
453247
404562
359724
540108
722644
1148532
222911
1131607
422044
755610
304969
370809
727482
428956
896480
513377
320874
250026
3381817
211261
533018
622066
557256
365180
319817
240333
374823
449681
494239
560143
364842
803145
830814
0
0
637870
264835
464196
917257
336154
551830
750167
481918
365929
479066
622926
85627
388288
382240
651245
594461
0
481501
148815
590766
1056355
307516
331736
0
185482
351451
458669
366718
456569
470921
348558
703010
756395
199657
1146322
268258
521334
401213
455741
369231
571884
782155
467076
162629
930067
327199
386585
222777
749887
342761
108152
512863
568215
618525
1265365
309917
546075
0
609458
337202
455382
632183
581356
472285
0
2070460
461284
287374
75712
474387
440692
498728
459589
353266
138257
542739
357502
876502
336034
256875
379624
709882
456927
581521
624201
516149
956769
552635
624004
681477
247051
227346
775105
497386
201564
391230
508757
308187
931927
236326
741510
550656
580220
396161
176213
834574
503500
421535
579076
637816
547124
183118
605487
330818
715241
630335
978968
430073
363273
540365
403181
491888
631648
709642
635038
385581
335463
337388
521836
293830
1387904
1150284
1026078
389094
581493
123249
651235
748086
637115
515101
0
99994
505457
0
538130
310743
201039
723007
345404
1111961
517790
367875
680197
426618
0
265391
464334
57281
307314
379630
413223
278359
407905
247417
2124825
172129
506314
590889
956959
113724
400803
239239
765814
2039715
135080
0
122227
397275
2067819
0
398243
3650523
911906
313773
599790
130347
443364
305329
337602
341235
379686
493057
705707
210421
0
449672
280646
164513
1358086
885329
313913
195680
483258
258877
420764
382975
339916
2320382
1048915
618178
192432
492066
438798
692667
487336
431823
324050
505067
452435
155993
622956
364496
304376
315619
442823
329802
342666
373811
509743
199466
653194
1636560
354930
136994
365045
442517
1002032
158708
434648
829007
570586
964859
491397
336151
293789
360679
385989
269538
327518
1939911
324145
367889
323021
559081
1374736
279667
513146
442322
1082580
440004
402347
401512
967080
631959
505010
330723
337142
721685
147632
308852
756587
349032
445992
1185101
119201
239082
657532
300966
394841
0
601008
619478
497439
377715
752720
578403
407222
246612
228656
338263
512466
545704
779653
645855
270719
483055
160480
431377
855304
828097
0
492310
411595
2340013
896335
503874
157732
506779
697653
513122
601788
152743
0
378961
443271
0
340054
299819
278646
149574
505701
288271
277758
346712
558367
645656
1469024
270820
282807
160692
401960
430337
317574
509439
117938
347110
431426
464648
1944926
650625
495263
0
450060
186896
509596
761036
705922
0
395993
709566
377463
240511
1050650
384308
374875
111431
294493
499535
545978
402477
1119053
628255
281704
239915
0
1813515
256170
1226276
377945
349614
221747
913388
583861
912381
627938
230674
1017444
493632
0
309382
383962
728646
260871
613943
569413
581307
211202
465099
367555
512011
838327
733353
328665
426919
454928
885953
1031232
498753
598145
504348
437572
244837
101389
371413
580657
0
472064
0
343071
393982
416919
744122
358293
243589
1216841
305107
330500
0
539739
806669
491882
417145
387494
342408
607732
487810
493913
0
0
395224
354524
447425
1397477
1387481
881078
257422
560065
421879
331547
417550
537697
467405
489290
236530
603481
305494
1464947
370163
513392
982812
405747
522712
338755
549129
709000
450934
381831
494423
699106
292662
359712
487444
3050689
274646
1748861
463441
627819
411836
274112
422313
626571
622646
667646
401450
490207
424623
512430
304996
344107
401320
614527
815681
784165
641863
593496
1301320
958034
310808
206960
387004
236751
280702
89048
908912
911205
684118
414325
421492
0
144844
419401
510019
423077
526444
478584
459510
564514
723165
703840
602554
1210434
419383
364438
488576
188303
223801
636824
147139
287204
1622069
614404
240413
264023
326485
357734
140798
446136
858653
317786
511406
1195218
535422
490875
448390
334089
412230
363137
0
826079
517321
1796376
191447
601816
429116
174679
605694
206487
442457
289232
443620
222233
391874
598490
342862
141759
613155
367123
1647611
379160
569505
791581
278258
1164669
179034
382885
568805
496646
419139
358502
519821
370591
112174
0
320709
776648
426608
465065
696652
404464
901553
421884
330419
0
424201
219835
348197
380554
385558
719274
270723
448938
955054
661992
526001
461138
353414
446420
334224
283894
85713
98374
409408
561133
469042
292150
627395
370283
428606
858110
518560
252330
418766
314502
270750
300610
452530
394235
266026
354262
354657
514273
1056796
0
482551
231172
245939
333489
753216
481316
169670
387096
4761988
450276
518951
0
412920
653956
449254
1435288
415219
522531
595721
394130
394559
379965
701785
0
542490
0
865147
601213
918093
467157
566615
224909
511320
848188
449666
305971
177006
109262
550829
554458
86507
345367
413957
1701015
393340
448850
347187
1050418
1420363
447522
627920
464535
1637627
151414
242569
244473
0
541082
270651
549186
100120
401013
1733380
256185
430055
322019
600013
1935303
301694
282765
942537
523155
672288
268512
377078
281576
0
787319
660625
499215
0
754632
809800
376643
735778
705038
438300
0
248943
357959
235569
229966
2680387
361724
456955
434085
190250
285515
0
457090
1563292
783618
0
978357
568797
734781
2023663
0
390798
586966
0
0
190329
447350
431121
417971
232718
699797
431593
530170
367876
504521
694088
505656
586098
514249
0
878408
350863
698234
296705
126313
683699
463644
628879
208300
152497
202658
674682
628316
450334
446214
269516
442561
1439279
499229
574316
420155
452908
211196
392114
591289
211253
511396
328998
167686
337133
440207
346702
970212
211026
493077
433628
545973
362458
592613
226836
344616
216081
271806
668556
457862
531165
277298
587010
375557
518190
656057
381897
511847
652182
377103
361110
134276
283191
612841
774754
540543
426228
61434
1031452
413584
480518
297767
776143
238510
386988
2320792
387345
2919334
327161
163683
691146
573118
122114
460734
234056
664512
984269
424630
306610
333942
112914
362225
387459
902757
281560
191347
152207
539663
467137
615185
1044535
415785
466272
162783
1139371
823219
242744
198910
243706
334461
778433
540454
181081
0
520722
438043
540805
0
1604027
110382
425464
423397
611926
207924
425291
0
349455
220538
261441
192470
372613
218893
402164
1475788
353481
470162
119661
431070
191246
456343
219962
167268
313528
320773
1115935
243409
702224
221970
461263
1031976
1915288
383683
228197
536054
475157
263449
128254
383423
284117
349922
1397120
349437
84048
0
0
441374
461267
64873
2264559
392832
292668
207809
455261
302256
253727
722217
575506
827453
583411
289729
454270
157699
359422
670425
991883
0
485984
735145
447394
0
0
344801
446993
512371
782986
184543
352712
528137
58655
644642
479089
248661
510140
292818
502938
522110
410452
228329
173683
478530
615802
333975
0
536584
405870
86150
1616873
245971
273477
342519
398228
279243
88733
392572
582687
424644
403406
405229
1360680
862801
111412
353396
390071
308700
271991
497097
539674
471555
297002
334421
1491577
402993
265894
707431
401599
1451168
522961
453988
536870
404289
232484
721592
370002
419738
3161175
0
560091
370457
503685
1230720
75556
93947
1775751
106409
379256
498631
572719
0
239377
514202
235359
0
425053
223354
361086
356645
589842
0
403335
381427
517365
418060
601012
531871
352111
0
494589
373654
546664
64028
587206
513618
164700
660103
160416
334466
268383
429363
154214
506114
452762
831038
505389
284877
777332
390795
441295
534029
473990
271293
423175
338959
80482
66323
138611
1047236
473552
318919
614004
351244
502803
98549
476453
342213
1464483
313671
271289
723154
342978
371174
400021
383875
529813
806232
221268
396137
250509
343963
452049
558571
488252
430726
200713
111724
276596
799234
595517
398465
375885
294930
478342
349439
522463
3625266
518003
614702
453932
267273
490174
532389
234943
4253837
380301
389797
4632404
506616
103802
673711
418936
368720
285403
473286
511745
675501
203726
397180
520054
187680
521845
219313
1013868
958840
426017
234005
1315423
0
574724
609741
371752
1303826
400820
233373
320617
610630
576942
301561
1054559
303264
492548
673888
183931
152834
775138
946341
114993
332844
495094
466066
464171
461808
368261
1370044
480826
323176
238627
429299
500528
182367
382071
165596
1098844
664377
245092
331755
564152
262498
827935
3284206
277336
2433367
168115
2576515
318482
497556
476194
427591
315912
350537
304305
585091
701206
414893
648309
455557
425599
492056
141714
497131
183022
808706
375515
493935
367338
321214
1003106
380244
759800
1477011
0
141803
167931
749855
204822
457358
416097
581711
139371
416585
82767
2815676
406445
1157906
208292
169531
415919
356151
110608
523167
424870
599052
439707
323340
1130870
481123
576779
498752
2836864
623415
590978
475602
0
127784
525141
491014
602183
487031
267484
1926271
990023
469758
348076
226489
102821
452926
341418
727808
303213
432643
404955
423031
92126
598890
425586
417683
129391
449520
345630
400407
228781
277864
198260
0
0
0
426335
423868
59239
739988
579832
1136730
525408
506680
77993
49546
489389
339717
482974
398903
550306
261819
406535
241960
210089
316818
517464
378745
265127
243069
438613
593774
636617
248633
355509
364890
293459
814856
647750
357176
52787
218479
193615
276030
373128
208728
461310
678961
0
317029
461353
598618
285766
387565
417683
318873
468325
238244
278820
387250
249028
293159
295865
472959
332840
880183
478653
287893
340561
796593
452596
738208
181828
374403
430899
176511
580008
504338
90594
547723
559719
924797
432851
0
124178
285204
163299
391415
485519
471719
79706
492931
428385
362315
404076
591898
730287
433882
424268
324484
360839
438765
0
272268
764551
679093
0
513774
594457
114536
675119
616038
385841
284345
427488
376588
387549
1455593
1139105
405399
470778
890630
584980
604837
262089
71688
277904
353467
372610
649391
409528
555402
267596
569609
652914
323722
1340839
506708
225826
294603
792664
447371
439522
320120
378022
397746
897454
422297
293792
772817
489735
0
322581
611685
540265
66219
580646
458645
290857
240309
412982
480742
496920
694100
871652
297734
225750
859122
201872
768945
498341
483041
219778
334107
205357
170082
499892
620277
35838
566602
462171
334187
1800665
484250
707786
52787
262404
568836
247411
667630
434402
1013455
326929
601780
909909
266764
270316
315464
362390
305304
964644
216774
263519
412996
704332
417154
624246
465207
698502
444539
420944
448999
621326
357125
110285
195659
448676
438179
101758
528848
282017
336238
157823
174651
262673
127059
475214
461948
476708
3418160
576534
807337
389630
500623
138566
380437
300904
223541
211530
509063
380429
598282
360629
323900
258006
110664
284686
305533
477787
439096
912197
412589
785871
287610
425963
293470
444428
337257
300208
1834628
293564
555488
1571149
435675
288192
324862
412996
414957
508621
408668
457482
1462252
628710
272769
229573
449731
550324
271710
817167
259928
299425
635446
646050
436070
271575
440613
647910
374161
392402
509758
353411
350269
675580
293093
619085
186242
981963
286593
217651
221088
499926
588553
240101
514347
2498272
478189
199004
520735
503432
440945
229750
1605196
237962
120663
771770
484585
303122
504881
509718
675671
162401
0
387711
396091
354169
754696
500617
340941
503820
428917
178990
787160
89602
410188
147186
196291
253596
179933
493722
710615
388371
443866
361780
400385
1065741
402604
347600
245107
683318
238278
319886
561542
210
704198
409948
418713
757188
416755
535569
293838
306495
0
359856
127375
675108
84661
321972
294813
99451
218798
781876
444401
1755807
572559
118023
264546
606212
544346
425260
0
632764
744449
283959
286863
545216
353678
251561
587898
859647
577902
420728
558413
56182
392681
723545
0
443511
595983
78498
417900
415381
237349
538609
325798
154925
389458
855413
700236
141828
2807356
514462
233658
448947
255042
337095
333257
376648
317189
368903
98870
458528
463965
407809
1018716
1964104
370691
523827
393574
358582
379108
220127
323805
291300
276267
397311
819921
2503231
238199
79652
414237
0
162231
375098
761747
107316
371991
450455
459899
140068
573188
0
742342
689107
145065
474672
82280
465792
381019
302435
259139
1280298
113211
187275
981722
754545
300472
458457
340827
930963
235970
164612
1088212
327686
172287
339855
267678
282561
624371
879647
36906
193379
534370
224196
467456
358426
534014
493108
102696
334027
599210
542318
367233
368715
162224
812976
262671
1332966
380667
283920
270565
861915
548383
514857
1195903
474478
289727
1171168
359272
312008
254322
548426
509545
364300
474125
551077
651952
1068195
193940
600157
360630
668584
489873
188077
563899
312271
542593
442440
241382
360909
552616
367845
506650
1347293
433498
456520
0
195380
313180
299272
780036
283765
323163
303334
306220
263400
498524
408624
778592
721740
470909
597229
1151698
225083
97816
239680
275569
943225
736536
234357
841755
493175
317719
337800
262830
165877
462459
553948
0
454226
699824
212397
200850
572659
340529
238623
404122
416927
184575
178914
616034
183808
928943
447238
0
149835
187609
112972
560332
705544
337404
1356286
498642
281239
462104
358985
283509
470456
1107498
245128
398091
0
451945
455950
380817
493157
397657
339819
399370
681345
420135
301308
2029540
499060
151005
266973
65852
184983
343544
524225
225008
519339
463956
962233
265611
266478
251540
247527
4611329
0
0
19875
315797
350591
247955
1862768
499837
182324
115353
120530
297550
458448
501371
488616
814181
279435
444591
607827
294279
443067
628798
572775
316647
505457
275550
601363
581261
285802
166019
926367
574193
420015
4848258
297291
504266
285629
126610
1522994
381444
555686
421780
660909
575581
741410
329720
415838
484066
495315
0
387338
977223
424715
382232
381513
1081380
259916
668085
405549
500147
1917620
694391
160985
40012
678143
260218
275101
778496
2997915
567375
308882
496001
313742
557474
433149
359893
607665
895940
443462
463546
373221
955431
249801
383345
510069
240190
409623
618852
316257
575102
683967
0
214210
204407
981050
235938
713172
219499
186809
178242
62078
328761
369073
133282
675353
535298
192750
341703
246088
186057
473904
358472
123938
612734
133024
345366
709128
397460
158259
240302
197220
166476
102990
291760
285875
186738
462511
147080
679331
291416
473300
456411
1240287
420859
418448
438195
388169
394232
968103
678696
337602
550326
309195
4246091
75618
152190
566563
556624
259159
435335
687176
341120
394228
642917
757577
543277
293683
633412
389774
600926
455559
452434
378168
334633
255901
557126
624609
578050
182577
385360
0
59793
388545
477976
529626
282910
815709
228707
261627
143154
416863
494806
365474
154939
418291
181557
722570
577717
442535
315532
215249
118751
2478042
140609
512719
283911
203475
429382
99712
95841
275098
358664
111756
198277
1378221
228725
319189
397154
0
213869
678655
541098
503939
358970
154970
412814
363926
0
1239219
684027
178989
3319000
512432
565173
154490
365957
600772
506396
416858
437318
193953
401810
487441
519159
244876
590187
453220
764327
365541
341236
289782
574219
311406
846824
381488
200118
980216
1120129
605677
585765
299411
123845
436772
188664
131538
218367
431964
204373
291575
459966
527890
1322925
171448
514734
288931
4669546
380443
429326
706865
301344
649284
528211
198176
365741
128816
0
127202
479083
173048
285493
457272
375882
276283
527227
472877
1122710
213593
582955
1681730
867843
577867
413208
957855
716305
437891
239850
256668
956743
381446
546976
318641
139461
1823581
518702
670546
154330
329333
311254
307095
501263
174467
341608
362552
269852
540257
338392
0
402702
579483
245232
267237
1076581
410486
405034
1955864
253843
525771
283943
214305
590818
0
512641
501577
645542
113510
668663
775720
479023
1075395
541546
394825
165397
100891
212747
337189
449763
519487
398678
403912
502668
275265
350572
453993
756995
525106
163514
419824
489412
400065
388957
0
777796
125875
281061
585818
743719
468270
550221
238887
647724
495654
491416
742437
633181
431248
379376
525576
113983
1439076
485288
0
399568
605626
399598
222650
181521
149393
558109
464195
550803
430811
273190
987983
218575
237875
207188
343085
173641
598829
1406522
727779
118004
383056
566174
238831
536070
574500
173543
272442
1024339
546122
531892
840425
376983
840161
557169
970131
121661
381216
315421
562857
77984
397636
531394
391111
197069
322048
0
271413
334307
327461
335008
400396
570550
640837
229447
222292
518669
223197
195237
291337
534479
95047
389703
668172
594886
466822
1534999
1488576
1481792
144556
283648
768989
129050
501301
341190
392904
187895
606488
431081
204086
680076
0
650756
2479088
324518
332843
182913
335753
580229
655030
273533
933117
204247
1375415
296343
263346
393067
0
160728
319265
343474
323813
346781
657393
474915
0
276386
444376
789115
116013
231761
900443
110248
279247
416266
0
634650
554217
0
405483
0
521140
301761
222989
453124
579607
290198
123625
175279
269907
566159
168733
238324
318120
555553
2402457
504639
646229
0
1231029
310051
61485
475355
262423
0
213738
481323
372292
812353
402182
429385
0
526591
345455
446581
217310
156470
285329
1489179
254363
274546
221146
159934
163210
0
421076
526442
518339
208363
676376
496392
462733
616984
1001017
102274
341413
547560
263520
0
710054
227564
982502
2018193
959341
0
518685
402769
274079
201346
0
1060321
274529
0
714473
208936
89706
1062339
716479
94179
249493
530038
424864
245933
232899
134696
335854
165525
285922
151262
184028
370797
418209
1110247
666546
381292
652484
284316
78668
547432
513572
0
320029
968099
287959
573444
753005
144315
379300
178578
121796
0
332749
319622
332047
237305
435750
366790
170308
667749
362382
745033
508289
549445
263232
406911
337018
561815
551994
345995
307593
533772
428620
0
614314
490148
375797
581249
572084
3309259
593348
1235595
395051
258610
227570
389076
262436
0
265383
261040
438807
326195
408030
253717
298226
222223
570517
259419
257924
193324
440986
1691850
434529
361356
0
268513
235339
347086
97645
4132122
1203276
480552
487898
521720
2601946
0
374208
204101
330523
685240
472510
292595
4797288
1509499
515833
403918
494545
794696
316141
539665
626006
605999
273591
419941
0
523082
570348
0
524331
109416
133293
0
227194
206859
503881
0
3012251
462997
858617
170490
148802
402135
330400
509339
158383
692550
142846
373185
115262
1075996
394220
1161216
478926
473364
635248
391046
486367
126832
241283
0
300685
176807
491037
256311
530509
1228747
3268757
975088
410712
802704
424777
349678
457879
765627
129434
355813
161026
515207
529214
184794
230595
261081
501240
113978
438420
109867
413678
782430
325641
258411
321140
475158
686484
475002
802082
665293
342318
525424
695207
2570048
414725
163722
163078
0
455108
238028
245947
0
790595
581867
289181
678454
301169
354450
442379
243961
402625
532365
416229
442545
201563
369964
242098
411701
499452
616115
391718
775291
341867
528318
375522
421306
159807
313751
796120
485526
683988
442217
860033
0
1211195
350270
262159
386984
493818
184972
597991
315806
806165
358333
459720
428394
300737
144050
592696
184491
477117
352788
433620
221372
140652
1300492
309603
348178
1101057
311741
436582
538011
380399
180155
393199
343986
379954
657540
455810
379322
436308
185799
148992
226423
0
437971
781763
626896
0
0
331216
590415
286039
549115
483350
149493
330098
329978
313245
1228970
425813
635118
783002
411994
342685
405670
194937
146102
119502
273128
108793
396251
628456
484513
1675568
0
297063
316295
406873
87236
256627
808123
436335
89165
365795
329749
278649
690045
251095
122670
533309
384194
442711
411548
561294
627354
430991
133658
238498
631653
0
218817
80075
2579190
511686
499835
275847
136644
131555
257866
375793
509752
538086
426653
0
360139
493491
421020
145157
325272
562736
157865
324173
515652
1340346
481903
233101
278429
61303
601347
0
597995
299199
40003
588059
314472
608223
867712
604124
464010
339149
452167
0
610481
3829112
1119959
0
213185
294102
534700
374231
524849
0
446981
496376
458053
601391
0
191066
200015
57217
248275
211985
141640
1180142
149101
272001
190910
291409
204532
226253
476731
226185
287657
1318446
289056
369488
465101
414536
502136
371023
198407
290370
618375
416668
608179
472631
363022
201560
210161
855613
3504305
425766
477630
488984
426850
169226
724386
371483
480918
0
134859
494321
204938
615394
221087
433715
503524
425814
0
353015
364888
317544
473742
418628
247714
434539
250846
208876
0
816738
562211
385923
682610
235604
230610
360921
88745
131809
591483
149098
277318
290607
2299996
248882
453028
340888
0
341865
340134
338011
380077
474808
430471
0
314870
268990
346616
878336
417618
173467
713091
146961
615576
566180
338426
472198
261130
714165
236431
493423
356340
451936
515814
164958
641939
222407
331771
389261
167148
259776
808876
327872
194671
502594
309798
239442
197450
398973
138116
430369
258357
182824
204959
340593
1094397
436021
277948
62381
686264
655179
325736
196683
461863
202405
557747
228704
420990
0
322587
78453
214078
468561
336095
214047
649223
412131
0
726661
189058
0
376273
661186
402039
199278
1064268
135814
464580
520855
219019
0
1998754
288502
291234
143606
467705
249342
1075302
341653
377040
0
812122
802153
445349
0
407441
499173
475673
0
0
272093
231284
102324
405031
513282
191690
250156
242795
0
0
483212
0
293791
368539
267800
657223
527098
923137
378345
718752
663618
328385
197955
410455
653044
0
1096899
563663
71589
85795
226494
403502
289045
308663
0
401368
292951
405311
313072
413028
373682
149221
275345
0
417708
332717
315445
3751385
430214
339094
200475
622927
718639
287016
2451961
368948
721083
378645
260055
311602
271139
957879
1429791
401357
351474
1107444
384100
431443
0
225989
413012
0
184631
143840
76072
1296586
751831
335755
0
292712
166680
328776
211222
97081
527243
377488
187166
302674
561290
261417
3498118
111788
527375
380798
217744
385158
119543
609963
285627
0
313609
510894
0
0
410001
259563
195405
382273
426543
148452
163675
384816
731665
153759
62553
364253
387816
0
346148
451478
1309772
333513
618231
1398306
916901
645917
468956
290614
545968
87390
216703
254829
394282
407398
107445
505614
478393
141268
0
198360
295415
297996
356012
482968
522675
170114
302542
365862
501681
313534
477887
541384
494045
269614
263018
328626
246834
233308
384675
726033
659710
144407
271287
287125
351314
584510
460865
302865
319691
463540
419730
41886
246455
314309
590651
0
358269
378026
1203017
0
318909
365132
122326
336584
362515
363489
287593
814982
292609
636023
185907
834910
211521
351829
0
264124
256736
211560
211771
393583
253616
467863
0
251858
395512
510196
278529
665338
176663
276363
423988
350511
249055
133717
264335
400186
137650
342231
542795
394786
750886
182343
0
622882
1721917
792127
426498
527148
861458
382673
146881
350672
267949
128381
122449
146783
311583
206711
584663
271068
378489
221709
144122
1307950
191256
720977
258514
256630
199344
1964805
112230
1016244
432240
1191798
284377
537246
116115
0
130909
267622
173819
0
98958
63551
500075
607529
210732
0
849524
429653
303519
377854
1183970
548611
269155
443314
282487
302746
851435
153856
129132
0
151748
213549
772363
204318
263560
106158
602954
1392112
334196
992710
359595
139699
228130
400685
202782
331470
264100
534046
177988
442330
1312957
547885
1350001
601348
338476
1262141
225483
482177
232275
294357
45894
86915
135048
0
329321
234492
673831
0
337205
942490
60690
178744
385248
457365
162256
321135
535472
444521
0
55686
98568
303382
1071945
470339
403435
253583
378131
0
1589544
0
177243
253678
1120010
433789
372024
526366
0
405562
215054
497790
0
640893
387560
1054010
1907294
427913
201917
494534
324795
701625
99964
285091
379146
2819207
228823
1849052
180991
388529
415519
410773
366456
492614
330290
247853
1129636
159654
297982
189921
421526
106739
668071
597920
0
489964
139070
359031
184513
303541
606072
523869
232841
388029
287835
679807
671995
528159
234269
200332
254815
266520
267141
400108
230980
523484
1108612
271149
0
296803
473490
79822
694721
220490
385161
932757
588927
1260191
608799
960696
126048
268833
104264
295233
359212
504173
495730
125328
329960
351903
562450
427735
244644
258787
75148
393825
203886
681417
156890
736072
562956
233002
287549
314724
521997
387978
816227
357766
243063
326542
891723
218904
1325978
319618
0
1576759
341054
182551
221856
72560
396567
1201267
1300391
100944
426312
117289
372007
325716
391393
354354
229603
193349
835681
165864
61973
656374
341222
246170
0
1070147
408444
551777
248888
153000
322628
734080
313420
178084
634264
298568
634798
0
90060
898616
88262
260938
230269
80671
1995725
93970
214453
0
178607
235683
224369
67456
570765
198666
561559
221293
300360
869481
425739
521191
3673529
227077
301902
421733
421327
309401
61464
258773
171621
247637
619440
323290
169745
644307
854560
190213
2323978
2113717
433837
507541
0
873571
317749
256824
146256
2406545
402258
73084
327860
109852
195542
361207
809377
495157
0
172904
698458
251638
244518
187101
0
193693
326943
192079
111205
522779
224887
319825
335069
187849
133820
189339
405020
97086
183927
490254
83976
219858
394719
1458644
346965
285949
329050
447181
230038
1209001
277419
451846
2694491
195772
389684
173908
766965
995903
912912
170172
933795
275250
0
404318
211750
65084
1031355
285993
541893
145455
0
253886
209657
260952
678427
317714
72144
221285
275218
0
270571
396689
596585
366060
1185087
275882
714249
339906
659638
196985
212429
320213
4480113
232641
199186
192035
0
235938
221825
67680
4063513
154770
405929
238050
846731
208285
244955
583878
370819
444696
647184
212951
408986
356311
339313
193693
285413
551466
292073
207522
143952
380880
245427
246715
660471
81720
438076
395553
168390
86454
302183
133731
181378
250811
195687
291159
327523
141613
279027
0
411098
191745
52661
547373
240320
503508
243452
665230
283650
380027
398144
73985
0
0
58188
333502
85939
274945
386753
0
302606
0
121282
290400
847334
408480
106341
171506
270081
874885
578258
350146
385138
323282
474618
318161
284951
114003
252723
312105
209385
358181
446515
292777
249108
347055
108252
258443
182669
241245
190072
518522
407654
201744
317876
549477
484903
901534
447722
128897
496595
729850
542581
205533
373210
117165
420809
504669
231646
213806
277547
350390
356753
188079
175121
121779
242246
336624
203682
121525
197041
199725
1943209
328435
554265
589603
176859
179796
0
162732
1214467
427221
0
216269
0
0
0
236270
137935
127501
276550
155284
196142
351637
0
309683
175875
269909
149264
218744
280835
174370
2709258
524594
728020
346601
161379
82920
353928
429437
229141
479521
195517
766066
313861
309613
338432
248350
311694
0
470470
217432
631704
609293
594571
177241
304254
301938
219666
153129
0
294982
164215
36127
342638
117150
266396
97391
268783
576628
362583
361087
221481
882226
461504
219625
187351
522412
190569
386230
112194
119000
635105
243344
204589
182498
254063
79893
73958
208491
488431
0
158592
222292
253578
86024
1744780
270946
278024
217361
243060
482759
445355
272549
308661
1595072
275286
614550
436527
185666
680440
207007
430898
659004
186056
395783
611316
397010
242877
250641
258025
185397
239830
302712
752702
160986
0
268753
247485
291901
95505
193840
342388
232007
225142
185868
423915
648565
63308
141187
0
0
214980
0
166188
225863
287124
80840
166319
168835
770058
622445
164381
247098
358138
0
200452
252689
344371
138559
879334
153153
0
0
0
192399
476331
343106
181201
324729
167569
330256
240100
601879
275524
129635
331666
239812
503310
320728
310569
408326
193996
752284
440927
758026
713337
662236
229609
350133
660791
441253
160612
156749
204821
159311
177870
204358
411342
69265
475643
566527
89760
670736
87618
660526
296621
154751
225798
257099
210907
197480
230399
72038
158144
229389
305646
251168
283277
218248
200022
323639
729428
214905
336298
184885
268292
349435
603410
266471
0
523232
315866
84087
275679
509543
295448
204058
663846
178822
112153
0
213915
277532
1864256
196393
271717
106071
1388472
333234
58909
170797
414943
277575
491422
163533
79038
246167
528742
198664
395817
566211
412402
397734
310790
0
1525248
266369
277404
229222
313279
225028
128504
786053
128374
457290
427116
293046
361556
247817
812903
370568
351491
325577
238095
294092
1014020
232404
993361
1510250
2405080
468902
305459
0
371823
155995
262884
158556
408994
423146
441316
405543
247343
455891
265747
493405
361307
653497
222143
0
668969
276890
319433
108375
85546
332248
255830
234687
792791
103609
438134
186276
135279
299252
275597
544367
358211
438046
274630
414504
177050
642886
147870
899254
124216
218499
183143
2966514
300741
154527
167878
317022
500356
604798
365169
419329
654006
465346
243640
676299
228327
215953
370268
317951
1589804
192801
3115485
372167
637954
500063
168636
321523
169016
175990
170325
93195
282522
0
0
225643
226744
163638
315638
363412
177874
351602
374983
520651
119148
231848
387874
73436
161041
267320
342012
434104
237480
182022
264178
288648
251901
303171
192830
1628705
331020
226893
152518
520404
929724
401392
0
51461
271083
409359
202490
296845
447855
158531
390275
226758
253654
188917
374157
454851
237129
288631
385120
387295
2237355
3171774
700551
312218
1061693
168730
274920
186782
306418
608962
321829
0
213206
241669
337060
164771
447523
400250
318493
142204
0
449652
323224
160136
411302
106255
392354
220883
396220
0
504987
225339
1415599
1081414
128019
1169146
60072
138436
338718
215997
204681
143965
81298
215158
422102
213850
154606
377587
277811
243096
203179
195669
396519
228821
201805
89656
321922
674831
1726502
221532
519266
179252
434304
189486
195083
268765
140306
0
207103
439617
279717
411698
0
343356
400295
605950
342322
94318
265524
258438
501339
0
209748
94578
1532595
196315
199272
124973
183989
21352
647526
419985
781259
240688
191571
172687
183490
136915
416352
262938
157300
334331
405706
509209
239690
268687
259305
190604
296526
438758
246388
45642
306589
434701
287769
267107
174006
549349
440595
821088
133837
146326
360076
292013
226537
201643
256171
0
114194
228558
218991
158543
1821838
554288
353428
464780
252299
396704
382786
165678
214876
1567904
174692
358312
378917
192270
0
0
344068
173815
246113
936607
166272
371307
207419
1205752
80587
369301
0
91536
180794
238569
97249
324296
1100928
199313
119580
154464
233967
145649
183527
197525
346482
155592
396187
238532
330601
155213
341324
255106
418780
251268
1251210
185215
230778
156611
415229
150158
87884
407631
175778
692920
0
180968
420089
325485
411536
297141
972817
625450
605592
218115
202549
118493
180011
187528
116875
314868
153143
267531
213888
183702
226087
278226
425120
249716
282348
171261
117417
315563
178862
133966
264521
667166
666430
225910
378403
107381
344413
625068
214169
181719
184093
172327
379300
182153
542671
393726
730061
202650
311302
72658
279536
295821
149558
134471
137068
85801
349885
251639
136325
242719
154750
160252
677393
251906
668838
55544
218442
203930
217724
83570
210955
199983
295276
207918
244584
142411
168359
691794
625623
98475
200054
175877
175529
0
239480
766168
607781
315427
409641
431545
199081
517505
245654
284133
70456
343201
581281
125044
939148
305955
52868
111287
175342
421861
411114
360189
217947
138131
228339
0
228839
334878
251050
904504
0
268367
193881
344834
320299
79690
230002
156161
275020
501802
793691
161652
610382
206039
267272
778672
267837
89850
211313
172719
297109
144128
288899
318894
441135
236574
349834
314104
174235
690287
302655
223674
213846
0
218162
223765
262595
416147
228033
140938
453320
133702
485295
396688
148929
185449
392263
2903784
314652
304735
182783
464129
340841
416698
222687
321114
0
656404
145463
262544
266905
479614
158149
323698
1286695
0
151806
229110
189553
1899356
478335
473909
163063
283656
164749
1186143
255213
600993
56219
398668
385254
0
376955
268623
301272
326144
324476
306827
260137
384148
300783
138136
784421
572372
322638
259225
269278
273159
288723
331094
204674
248771
242087
377747
477696
241929
129254
551521
208821
126519
495476
158020
203922
513494
131246
256289
297056
493296
323433
429973
0
269989
217362
236534
279907
529006
313417
430556
2854888
1065614
0
88322
252836
218982
612522
926179
157878
198163
257219
216246
39569
261196
281858
345126
389952
158154
623885
198660
198704
157787
984673
219431
172032
54986
218918
585351
0
238473
195101
408072
215512
122953
174234
0
58420
436370
135423
145973
228788
324824
211775
217599
218696
227958
262516
353178
262573
0
641448
652599
209182
101240
271574
235695
281485
288490
81701
0
123273
287731
252066
128295
215082
240025
131226
566967
77208
325731
325811
211124
0
250973
232012
143300
605588
118779
153232
436050
286541
284503
202654
167412
225259
293280
393870
240275
155306
196681
213441
207974
197900
202541
424362
179876
250181
204352
617152
289019
290836
301832
336989
296337
175871
180977
451199
203241
330168
1040867
392133
428012
59105
506280
266013
374804
288904
864563
693506
555360
249574
252829
270280
190984
216754
479780
2654526
597781
371774
334169
155033
148172
152997
146366
165751
137069
134535
154188
461673
227921
0
136811
299326
308102
237266
172657
118371
0
122074
271577
193364
499425
175723
346181
346670
236515
0
739685
122909
303231
444562
348948
2264850
136009
482747
230986
3932305
242701
130772
229307
0
138522
293158
421244
206642
412692
229638
104224
399060
199017
121093
351980
326227
280228
451544
173362
122353
175005
126427
191486
532527
181581
313737
299877
281105
280976
0
2614861
0
360083
394283
3123747
238911
225373
2975982
417834
234807
301085
201397
72398
0
196381
218950
163508
405432
767917
233897
269197
244769
112089
211118
806259
376626
159215
90337
328153
569674
279103
190524
66544
94295
848318
149240
294188
261452
0
238902
963136
0
559051
191190
477389
241084
244529
340572
262244
438723
246369
689641
298402
172245
128004
166553
257223
657407
261526
225018
1086303
478554
585514
299344
473163
536159
192513
228849
87027
2514584
331490
514785
137863
248145
324281
209694
1013354
325781
337820
102357
250926
241189
0
228539
343253
333380
417855
210625
469376
0
467347
0
2074267
433718
172186
465324
401337
487811
213560
66429
236930
185067
255015
168131
199440
172066
317192
174388
580837
108610
304150
327418
286715
362497
204925
208058
42927
510033
103792
642466
561193
271348
426563
80091
335795
396539
246855
133829
222275
966855
203249
203864
742903
185812
929205
213507
143253
0
396793
110502
402796
1244957
180363
545481
224284
655765
916084
235820
285648
184310
150646
83315
276334
324033
107297
515506
212932
293583
317412
391388
597784
218741
405494
445212
929495
67564
145454
379341
68122
535666
263593
308475
396251
414642
193075
924694
364727
616521
226862
241390
211849
527424
387313
150858
346053
952221
675623
385270
234050
178753
454597
179574
0
180912
171377
184131
212447
303898
300992
268488
263696
472622
1563495
259735
275656
0
653916
234962
211338
354829
274513
514768
168074
268174
343237
552356
170440
0
348906
275926
284790
185898
290031
170699
425086
223455
161783
670395
195545
203766
641945
180325
557018
65437
343687
546747
461997
437882
448190
387814
274464
493626
789355
281286
440462
229532
254482
182090
414105
454161
147569
252551
678176
158299
295586
0
344913
378243
116148
404601
120993
162562
219576
111996
262531
156128
0
502458
427084
307182
513189
187247
259315
104563
299230
0
3644028
265138
861788
206298
147413
252680
94759
194859
290398
395448
0
385403
311636
2306658
130929
199898
182347
357801
187675
262178
0
128010
445892
158350
153356
116730
154846
328284
196749
237943
173890
200748
472741
435919
191159
148109
292753
415027
288772
198626
90063
1176320
121303
254719
376749
897778
737232
1047105
477324
380446
253097
0
185232
183637
195898
137261
205550
361733
3055243
341289
275808
242639
285115
489415
493103
615390
225016
369806
317413
281735
520410
152947
232264
312067
47631
154706
208189
286243
235083
134483
305017
0
462033
473730
138339
98348
100949
61581
274482
355574
181221
193461
130041
112273
184355
276753
153756
237500
209939
239510
150381
168935
221540
217420
225389
242308
561328
835683
296043
292387
193567
0
638122
228710
39964
214744
444273
228168
712543
291928
155642
137400
287214
288266
359522
349103
298669
191705
598684
140609
182558
381730
0
413081
238519
234551
138941
246661
145773
271674
0
0
316328
255499
439474
200933
237488
633375
327081
254601
443323
127340
0
232070
339567
163152
325349
84808
220942
384526
342209
193028
271351
0
495371
433768
639775
834037
413351
305027
124438
171309
509799
1390231
529829
188803
134416
238338
351906
400225
671423
134976
342358
165759
196870
0
224402
309518
274704
974391
231468
122751
215093
493361
179119
197759
231364
4758393
677540
0
342479
308778
135979
189721
284114
506381
384298
267051
231091
351331
182192
215040
236997
290535
129217
591763
231491
341975
372603
664409
347549
410784
212877
286434
283541
196200
502691
374786
221771
151620
398633
163181
143280
680895
216308
194271
379439
1000124
298923
213174
511847
261775
577682
332015
821563
591788
401546
278804
205897
263117
1203282
157825
263649
189878
200128
593772
637846
308451
137943
0
235803
74961
208164
634806
228450
510603
267644
740175
354669
233008
255226
519926
315110
187146
638828
270524
342531
343484
216320
207280
144225
230124
170058
232666
298704
311293
530603
185595
140466
246158
1604442
447531
209311
265840
333957
440873
222124
340433
644889
620338
274177
393673
353091
264917
347147
0
169767
238576
267474
398349
413028
362172
306518
480603
134423
0
2190161
220045
0
204037
438468
302422
499483
0
338809
492972
266378
0
0
168862
156642
225343
416096
196084
473720
482865
334654
277214
936192
225253
3137755
331201
231791
207506
949243
191501
240002
191843
101759
251361
383384
398287
208356
559518
345853
256579
225276
331182
398357
994605
61268
172043
216735
228041
539263
315869
610278
0
295013
239021
426786
450929
130757
186548
180039
226744
605324
267601
0
685751
307635
179186
223597
152612
339707
401297
189576
305721
259111
209874
411147
406220
0
943
166823
174556
0
708909
144236
118863
626510
339319
497839
267336
119646
222465
556514
247400
209318
263529
145375
186574
530271
124855
479257
270845
349725
3403538
266161
561137
89464
222301
430532
644572
118317
301119
968918
463796
560756
397216
1309537
469429
451882
639033
417992
55681
2414580
148722
113974
289364
303411
490516
367692
235990
402505
791785
265497
347011
112892
343113
201887
0
0
201969
555424
876311
144883
615012
152903
164654
106777
289912
278069
571518
203894
1711754
2321870
223988
89426
568417
386904
79342
336615
654518
916529
384781
0
243210
358164
540482
411438
264211
645548
94243
0
443495
255343
0
239354
517259
126591
544675
1155391
222804
468203
683519
39100
88872
184540
294441
530097
257890
258253
901046
387874
627002
198288
3532618
278992
222923
125467
180459
0
192626
0
499572
415043
347972
435878
212449
137291
413173
405377
103207
211169
966401
754585
205898
295997
188690
314597
267947
213964
211901
253888
427679
488042
4252988
0
274682
350435
156532
606503
183397
152233
191264
307071
488211
118635
357267
246067
198274
392880
171984
413411
290500
426528
185460
255321
126945
744476
197799
533182
267314
1287125
282950
0
109285
292423
262342
73913
476303
541204
620056
3897390
227447
493769
0
290748
289947
293612
638085
1591127
321615
518395
270837
318473
263942
285445
476179
319781
343934
687171
737502
539236
0
384171
399491
323139
607903
448513
606285
126939
568831
233307
278282
424909
144112
498588
485355
381901
440314
276175
1601447
377576
177931
282751
141305
132724
383774
252513
475105
601871
165532
225442
93235
358852
160774
0
218244
145855
336253
166167
152949
1051033
823429
226910
0
220354
728524
381275
181655
563478
32690
581122
214762
348864
484685
946753
190775
680869
440123
230781
342955
4065372
164064
734894
477068
108089
176854
1341279
290779
726824
109072
386014
555506
282354
1010715
103021
565149
0
564910
268407
384526
354932
68698
703395
276024
190795
124374
421426
0
342911
81212
160895
566676
316714
534982
512775
454738
976522
592823
248203
449475
305733
153256
320708
1687882
763250
228303
2176389
0
341501
292227
400156
288117
97250
261600
1141228
222062
282340
144202
264970
482332
172270
0
0
193439
222432
223971
552767
417306
919698
135402
530091
73763
241356
496331
656347
370705
588174
235875
136704
315198
249803
581556
170143
387334
133011
205988
148627
315384
181279
751555
476838
210035
131038
208486
100176
235824
204168
536623
396186
2222716
105595
0
199061
232117
242420
90473
493391
230521
387325
241636
432658
393497
127547
229519
452327
143760
198801
136941
561925
488113
176678
230439
1061547
155975
259284
415793
282308
385758
215044
665213
97579
490353
263968
345258
295337
578890
232284
318678
266447
584787
239202
415134
303056
209012
0
377967
172544
388964
282510
562769
95373
616302
540167
484903
455912
488615
326519
223634
0
0
346339
265099
475375
314841
375517
855816
261911
948769
203107
1271052
197056
384896
141212
370847
289448
378355
466191
161624
2123559
294676
245262
184098
146748
128054
335308
440068
480119
284574
251179
188274
546763
212142
195263
190742
199839
105358
341285
151565
443252
219199
355652
601587
131967
455217
421672
138799
462613
290539
130884
389339
195219
171551
1920536
139791
358756
219545
1282681
2141489
131850
151845
256545
162951
277105
563337
295455
404022
375617
69861
366966
114186
64274
146270
283692
612991
188269
717370
385246
426499
167105
483112
152558
239542
315375
148820
148844
213936
121393
0
116081
317659
0
61610
302960
138053
304455
151444
256298
343711
115216
1785854
249424
159182
321891
197628
0
162748
620590
331798
225060
320791
718908
483483
0
0
0
248828
294237
282134
0
149639
344394
556105
551367
92322
53925
832573
1678744
163909
277830
117776
205142
237967
264773
335773
3014314
95175
350258
587605
416186
597778
244783
424436
266565
738719
239662
221278
236470
290992
519559
215330
672995
198981
60719
175695
1066638
698604
107847
712201
204160
337700
285987
278019
481906
381770
406770
47348
366159
490104
357348
303912
117873
190971
282907
338314
175239
4780760
610755
243738
568660
0
0
360846
379424
325092
1278540
226969
920652
0
543246
140884
185654
255179
702628
354820
176177
415201
293448
266726
683932
306204
342457
322287
293422
348084
104572
188868
419099
310406
380958
280923
337441
932402
178295
386827
349096
209673
192894
97554
244872
121359
322937
213132
253125
485246
540037
338662
83233
596063
139477
260854
536016
572126
265670
709186
77218
236544
338178
321311
535785
539856
332544
706166
230360
432245
265310
683501
311373
209844
277929
251010
274364
283370
241171
259025
235609
235652
651353
494154
3481105
411164
246872
335860
243047
142809
402536
468770
326524
269609
448694
203284
304841
206417
922777
665456
181519
638437
207791
0
326884
528086
364613
490036
219250
317622
695640
139124
176898
135704
0
163745
302394
248354
70173
252832
268735
289152
0
305041
574178
279181
513395
188126
240421
349871
385245
350094
967316
126819
332410
664394
184949
156969
204018
0
315312
227286
341796
407280
0
261264
267457
276897
387491
431814
230028
343852
251998
0
383721
109824
719200
231594
104783
444095
528661
208622
194334
151576
446153
367017
0
167911
241160
172377
66185
581233
115562
438211
96618
186326
548796
354853
469653
97670
0
270697
263297
521874
527578
0
240824
188990
103028
258819
455659
146911
1020394
524481
735609
182069
106191
327128
1111332
109055
361198
101513
305464
213710
826231
150336
555047
210826
141266
167956
142150
113853
736998
209843
297849
1589707
292195
379526
207323
348423
310017
329796
0
711183
0
567587
170213
93547
738198
595298
176862
179347
167485
518070
331433
428473
361523
309242
806342
293839
186646
130215
427183
126648
380539
250901
818388
409091
232504
287361
104711
481150
193418
250974
446743
399667
427143
2480422
586864
186253
401328
151485
240882
494564
87294
61569
228293
0
280894
168025
138761
0
196394
580017
391869
769278
392039
85274
680917
1780179
1310857
0
205538
307609
97576
528650
1167454
110922
0
0
616104
379025
153059
380738
158039
223423
226154
0
180255
252393
184974
362515
238886
91222
121414
419631
270495
298654
314590
288291
234184
357161
261334
0
399259
1533960
522596
352985
153644
479051
248741
223220
443768
183078
706205
461830
256128
216404
306186
340069
1039203
390919
262386
232895
276682
3608393
573338
251167
84237
467819
105277
334655
522348
190437
404767
56082
165072
532565
94283
970371
452418
295036
1381467
324837
858491
325130
0
168473
273067
588613
517491
263097
439830
215539
358501
138992
130354
374698
434926
430598
531394
55898
54619
174848
606022
258163
425512
0
342431
112129
667526
147141
1352670
616859
155388
88498
260999
411317
360118
348606
763276
205089
349191
414534
586731
178128
303227
462087
850201
434326
0
386574
151464
295506
242750
252476
430681
133288
729915
566583
288562
636388
219448
173723
279044
140833
864239
1573956
270356
445603
185817
166368
325014
217922
168962
363646
102721
253183
1668640
130632
117677
402494
388643
334908
2961959
341683
2337513
416012
468005
179318
0
1557700
404479
267848
214446
247213
425801
396265
171057
429399
197272
972839
233657
391046
165812
120845
105624
282716
228612
120845
192310
410751
160276
148551
482488
233359
203005
370878
639301
499442
480535
210777
187335
530731
430661
178865
1041888
236992
152209
304374
529003
804769
601634
254332
299824
174890
382908
125150
508616
675119
105009
463535
107209
364856
163268
410254
593610
582451
299828
178242
271488
488023
934313
222341
167351
153269
423409
591116
400174
592409
237699
966969
373110
688487
437285
189930
622740
357138
619971
337387
321184
307143
195738
292386
241780
677166
225329
270446
238232
57487
569229
130395
392349
1446255
199286
292906
0
201127
315321
188080
215787
815339
0
472311
326036
429874
495593
547393
176068
206914
146589
226799
342138
310758
474110
554286
481866
443525
239302
170632
150923
205691
180716
193160
304298
0
440024
209633
821932
1367657
715567
302421
105942
716346
260553
431398
449409
224369
212064
241606
205757
276358
229242
741421
369887
525680
0
189751
0
475176
1015946
134339
167207
140870
311685
377475
293391
224467
555804
712235
378977
363935
136082
710996
741116
483368
266365
445050
238638
471671
546716
322424
712084
402030
282562
680046
200743
1789187
167636
182629
430474
348454
148983
633685
610488
305938
580813
590024
2543686
354186
404038
148970
0
224388
329395
391385
388476
162211
216588
187225
0
501532
200579
210381
229918
447455
564980
315841
109771
208671
3121002
561604
554142
129959
264395
377786
407455
127926
251656
311572
310516
196682
321403
230752
438486
372152
539207
366522
332401
1070347
280321
620067
440128
288435
543713
545804
348951
94163
232873
276930
175509
328212
862612
326051
275915
0
370458
111296
177719
344303
214197
373689
512026
198683
349867
401960
268341
117309
103949
531921
270570
252899
458346
416496
103182
200402
395839
511377
486480
137345
520381
179537
300027
163614
255011
205083
152663
876762
318689
616398
175940
155082
0
220474
523982
559497
125160
390094
67047
194391
83774
236410
543632
246650
0
187585
301949
220813
1066287
165408
180507
584742
375082
117453
174892
120664
354692
245738
247754
339371
367014
395768
100747
681390
226840
1039070
416029
348329
381350
263786
862309
201814
198196
97745
229714
337069
103049
413381
297024
131991
315380
71680
533201
584710
163862
594275
385647
191644
341686
464805
225478
305606
325679
471783
415021
453405
548717
229039
31874
124634
140597
260770
234229
214298
185346
266973
734155
556632
177893
0
121783
353615
1152921
61964
325546
450890
257818
339340
479644
302837
351610
171781
563888
349808
143646
533482
298836
447534
485628
434805
694625
208801
170766
302417
200143
565812
564373
500207
304010
220874
273396
816353
350804
352794
157334
455609
91802
921466
282581
269703
0
553803
458348
443418
844807
392057
165470
205233
533125
399807
187254
261575
162286
218385
277796
0
252627
309214
319120
549956
208789
232811
173766
759481
450681
223764
266090
133761
395462
534885
335493
788901
46948
342867
111431
1118961
214435
343507
0
504230
1264491
188386
565952
426977
316493
303733
147542
103419
0
711496
325755
110394
286444
408804
629871
304780
402775
351261
405049
73934
348701
212805
264339
300670
428842
396606
490120
524383
337264
400358
459960
210629
422930
129439
291636
208572
148152
174545
283066
211209
553401
296952
249557
190084
434650
299651
510180
305876
255417
183519
0
289249
222798
243186
100737
156520
286941
473169
73398
233915
1049925
185186
257244
112873
127225
0
0
551244
430655
308716
505846
179989
967164
257089
268470
1374067
278073
747461
425124
520731
0
196000
242762
538395
186041
216635
259947
365390
143514
794282
240942
290557
234781
469358
2798072
505995
276547
378880
205435
213074
241058
3380565
0
260065
400544
320124
255234
209799
154799
160714
261042
377151
578764
154727
321445
143410
460518
855482
910581
239654
457778
355122
298625
457344
575274
138204
227694
188426
482614
326760
389618
213800
491505
684286
97428
325406
442759
242578
390121
162323
254351
533320
513861
504723
189043
1427645
213753
0
179021
265689
296155
172470
168094
173037
57618
615574
152169
282560
163687
167114
178413
156869
311225
1087411
142025
233968
268225
195243
300482
271020
363974
251499
487030
116478
131262
352192
184589
1134134
167397
229271
163108
342549
242743
565798
258129
293532
496996
155863
279907
186040
309717
197719
210328
435947
163571
0
1224400
294156
416120
520434
324862
217384
153305
241849
206278
136866
0
127522
0
200994
412734
185062
158700
305851
541911
298533
183681
388499
311725
332708
172503
361851
205680
535535
187815
449673
326500
105132
340162
131485
3099459
175877
124662
257220
227357
109899
970706
494112
399107
285527
235743
164761
72013
215908
585532
185656
491860
296598
354813
584619
316356
248394
228521
295769
430854
216583
349031
400314
2316510
554366
645494
162790
233603
591042
388271
0
195338
395147
508267
320135
165850
226530
359733
278713
277816
152754
471382
381051
421112
0
880883
622774
225764
430272
434238
343338
250626
406989
207714
316683
297873
193950
359016
684378
239784
159824
280426
148324
97723
220351
262889
234494
249902
517867
117094
191355
497727
646564
604691
395269
665676
837630
197809
573033
112198
216208
431220
182710
205754
253665
175123
161640
307504
254503
513190
375604
241045
206892
216543
210266
486560
606633
223208
83902
309441
90522
595596
115990
124335
1021837
680429
361135
473027
236722
342260
631427
579077
293280
181588
171403
211525
294398
809746
414371
508884
382242
280982
545352
550555
222851
337453
224206
366364
51917
932626
160692
302179
585552
180168
229342
409084
192458
208361
216874
312718
569833
276384
171584
879019
294441
371056
319412
68908
203160
204760
232889
574259
170679
477684
532638
0
411071
223540
310151
632942
161382
395833
282493
579818
388878
275750
270545
285681
290639
242951
300857
234923
253575
1436102
463702
147876
0
134362
370137
214100
184309
503621
800177
772252
396481
821366
487299
0
508195
333000
59717
227743
1399822
1058787
605610
203325
263102
141359
579509
324688
159712
236730
315680
222704
525457
863210
136158
132794
705995
209032
320143
247553
456734
149350
606776
318825
156729
258957
200868
0
244232
240199
228961
887338
461594
1166858
267893
472679
329838
1365738
665851
0
205815
0
525525
642079
288716
0
51770
721543
268384
326279
2982154
2626932
562500
199028
0
309730
369447
